inst/extdata/FJ.asc
ncols        720
nrows        600
xllcorner    176.000000000000
yllcorner    -20.000000000000
cellsize     0.008333333333
NODATA_value -32768
[rows 259 to 295 of 600, columns 581 to 663 of 720]
-166 -173 -182 -184 -178 -169 -148 -125 -100 -69 -42 -24 -13 3 8 14 9 24 -14 -16 -9 -2 -2 -3 -5 -4 -2 -2 -2 -2 -2 -2 -2 -2 -2 -2 -2 -7 -13 -25 -39 -43 -46 -52 -63 -72 -68 -57 -39 -25 -15 -2 -10 -35 -90 -153 -283 -366 -380 -358 -300 -229 -165 -134 -132 -112 -66 -57 -184 -293 -417 -487 -452 -585 -719 -835 -948 -1002 -1077 -1130 -1224 -1330 -1410
-189 -182 -185 -176 -161 -149 -125 -99 -71 -38 -12 -7 -8 17 37 -2 20 69 11 -2 -2 -2 -2 -2 -8 -7 -4 -4 -2 -2 -2 -2 -2 -2 -2 -4 -5 -9 -13 -27 -46 -51 -53 -68 -79 -91 -101 -92 -57 -32 -13 -2 -9 -42 -87 -160 -227 -329 -329 -285 -207 -105 -16 -2 -19 -34 -95 -209 -419 -400 -413 -447 -515 -570 -680 -795 -910 -987 -1078 -1107 -1184 -1275 -1349
-189 -175 -165 -151 -135 -119 -98 -74 -46 -13 -5 -6 -13 -21 -10 4 7 53 49 12 13 2 1 -2 -2 -5 -8 -15 -2 -2 2 24 -2 -2 -8 -15 -10 -16 -17 -20 -20 -41 -58 -75 -89 -104 -121 -131 -75 -42 -20 -4 -6 -44 -73 -116 -217 -318 -311 -248 -148 -24 -2 -2 -2 -69 -161 -276 -399 -409 -402 -403 -435 -517 -629 -743 -847 -931 -1005 -1051 -1128 -1212 -1291
-179 -159 -142 -122 -106 -91 -74 -56 -35 -14 -4 -5 -12 -18 -14 -10 -3 51 65 85 93 79 27 7 25 8 -7 -40 -26 2 92 24 -38 -27 -32 -44 -50 -33 -24 -23 -26 -42 -64 -85 -99 -111 -121 -109 -63 -43 -24 -13 -23 -58 -62 -93 -226 -378 -334 -249 -142 -36 -2 -2 -44 -131 -225 -325 -411 -414 -386 -348 -326 -451 -582 -697 -795 -879 -942 -978 -1067 -1154 -1242
-163 -137 -116 -88 -74 -64 -54 -41 -27 -13 -2 -2 -8 -16 -17 -20 -16 11 42 22 26 58 86 43 47 75 2 -82 -53 6 20 -68 -91 -46 -46 -62 -50 -34 -25 -23 -28 -42 -71 -98 -108 -119 -130 -110 -82 -50 -26 -7 -18 -34 -42 -95 -219 -431 -355 -258 -141 -34 -2 -2 -88 -192 -284 -380 -470 -440 -392 -342 -365 -439 -564 -671 -760 -847 -913 -936 -1029 -1107 -1204
-132 -107 -79 -46 -42 -35 -35 -30 -22 -18 -2 -2 -5 -10 -13 -15 -11 -2 5 -2 -2 -2 46 79 25 44 42 -32 -70 -106 -90 -88 -89 -35 -37 -41 -35 -25 -15 -21 -31 -59 -80 -103 -110 -119 -126 -107 -84 -53 -27 -6 -12 -20 -28 -78 -200 -362 -316 -209 -130 -37 -2 -32 -141 -245 -332 -412 -478 -464 -433 -407 -433 -486 -582 -673 -754 -841 -920 -987 -1041 -1106 -1189
-101 -81 -59 -35 -25 -22 -23 -22 -17 -10 -3 -2 -3 -6 -8 -9 -7 -3 -2 -2 -2 -2 1 66 48 84 70 4 1 -102 -99 -88 -74 -44 -36 -31 -23 -18 -16 -23 -38 -66 -79 -94 -104 -111 -115 -100 -79 -53 -30 -12 -10 -15 -26 -61 -168 -300 -304 -236 -156 -76 -64 -127 -217 -305 -379 -443 -488 -494 -486 -482 -504 -548 -617 -692 -766 -844 -918 -984 -1039 -1105 -1180
-71 -58 -43 -23 -9 -11 -16 -17 -13 -4 -2 -2 -2 -3 -5 -5 -5 -7 -10 -11 -2 -2 -2 33 78 171 133 62 7 -111 -105 -86 -67 -44 -37 -25 -11 -10 -11 -19 -32 -52 -68 -85 -95 -103 -105 -94 -76 -52 -29 -10 -4 -10 -21 -47 -101 -154 -312 -282 -201 -102 -147 -221 -301 -376 -436 -486 -523 -535 -537 -541 -561 -596 -651 -713 -779 -850 -920 -982 -1031 -1100 -1171
-41 -38 -34 -15 -8 -7 -13 -17 -15 -6 -2 -2 -2 -2 -3 -4 -6 -13 -20 -34 -11 -2 10 36 127 129 87 47 2 -143 -113 -83 -60 -40 -41 -25 -12 -7 -4 -13 -21 -39 -56 -78 -88 -96 -103 -91 -76 -52 -27 -4 -2 -7 -14 -46 -99 -233 -391 -361 -299 -246 -258 -324 -393 -458 -500 -540 -574 -582 -586 -589 -605 -631 -679 -732 -789 -859 -929 -998 -1047 -1101 -1162
-10 -17 -33 -18 -10 -9 -14 -20 -13 -6 -2 -2 -2 -2 -3 -6 -11 -20 -30 -41 -16 1 4 19 54 57 14 1 -111 -126 -100 -67 -40 -25 -26 -19 -9 -8 -6 -13 -19 -28 -39 -64 -79 -88 -94 -86 -73 -52 -31 -11 -4 -8 -17 -45 -86 -182 -387 -405 -389 -377 -394 -438 -486 -532 -563 -591 -616 -623 -628 -633 -645 -668 -706 -752 -806 -872 -943 -1014 -1061 -1103 -1151
12 3 -2 -8 -6 -9 -12 -13 -7 -2 -2 -2 -2 -2 -3 -8 -15 -25 -38 -54 -17 4 23 42 41 21 12 -162 -143 -123 -87 -48 -15 -3 -16 -17 -9 -13 -10 -19 -22 -30 -45 -63 -74 -82 -90 -82 -73 -54 -37 -17 -6 -12 -17 -49 -58 -68 -350 -443 -471 -485 -512 -547 -576 -611 -623 -641 -664 -663 -665 -668 -676 -694 -726 -766 -815 -878 -952 -1033 -1060 -1094 -1134
158 69 31 -2 -7 -11 -12 -11 -7 -3 -2 -2 -2 -2 -3 -10 -19 -30 -46 -61 1 68 101 40 11 19 2 -142 -130 -107 -74 -42 -17 -17 -29 -42 -46 -38 -38 -42 -51 -60 -59 -65 -68 -73 -79 -74 -69 -58 -50 -51 -32 -33 -48 -109 -184 -285 -424 -565 -564 -577 -613 -633 -645 -667 -668 -677 -692 -688 -690 -690 -696 -711 -738 -773 -815 -870 -930 -992 -1032 -1066 -1110
88 88 61 1 -10 -14 -13 -10 -6 -2 -2 -2 -2 -2 -4 -10 -17 -24 -31 -29 41 113 47 -3 -10 -22 -44 -90 -93 -80 -60 -38 -27 -29 -38 -50 -52 -50 -51 -56 -64 -71 -61 -56 -56 -59 -61 -59 -54 -47 -42 -40 -37 -50 -86 -167 -269 -367 -447 -560 -601 -628 -657 -675 -684 -693 -694 -696 -701 -699 -699 -700 -707 -721 -745 -776 -814 -860 -911 -962 -1007 -1048 -1091
78 76 77 2 -21 -18 -14 -10 -5 -2 -2 -2 -2 -2 -3 -8 -14 -17 -17 15 41 44 2 -33 -45 -36 -38 -57 -63 -58 -48 -38 -33 -37 -43 -49 -52 -55 -60 -64 -68 -65 -52 -41 -41 1 -45 -44 -38 -33 -28 -22 -25 -44 -91 -208 -351 -457 -523 -597 -638 -669 -699 -713 -716 -719 -713 -710 -709 -705 -703 -704 -710 -723 -746 -773 -806 -847 -891 -939 -985 -1029 -1074
59 64 35 -2 -9 -15 -16 -12 -5 -2 -2 -2 -2 -2 -2 -6 -9 -9 10 98 64 10 -42 -60 -81 -44 -23 -37 -43 -41 -38 -34 -33 -42 -45 -49 -51 -59 -66 -70 -72 -62 -40 17 86 44 -31 -33 -25 -20 -19 -6 -8 -23 -51 -228 -444 -537 -589 -652 -676 -706 -743 -750 -744 -744 -728 -718 -716 -706 -702 -703 -708 -719 -741 -767 -794 -833 -872 -918 -968 -1013 -1059
-4 -3 -2 -7 -14 -19 -23 -21 -15 -10 -5 -6 -5 -2 -2 -2 -2 -2 16 74 18 -57 -62 -62 -59 -29 -19 -27 -32 -32 -30 -31 -32 -38 -44 -51 -57 -64 -72 -75 -74 -56 -32 15 47 18 -23 -33 -28 -22 -34 -40 -43 -28 -16 -250 -522 -581 -620 -667 -693 -721 -751 -758 -751 -744 -729 -716 -707 -698 -693 -695 -702 -715 -737 -762 -789 -825 -863 -908 -958 -1005 -1047
-32 -31 -25 -19 -28 -29 -38 -38 -29 -27 -17 -20 -15 -3 -4 -2 -2 -2 31 91 14 -103 -79 -60 -48 -27 -14 -23 -28 -26 -26 -27 -29 -33 -39 -52 -60 -66 -77 -79 -81 -55 -29 -6 -30 -20 -16 -24 -29 -18 -65 -98 -119 -85 -16 -233 -500 -573 -620 -677 -698 -727 -761 -763 -751 -742 -723 -708 -696 -685 -678 -682 -694 -707 -732 -757 -782 -817 -854 -898 -951 -1002 -1038
-72 -67 -61 -56 -59 -61 -67 -68 -63 -60 -54 -49 -39 -23 -18 -7 -2 -2 12 79 7 -65 -58 -45 -34 -23 -17 -25 -30 -24 -23 -24 -25 -25 -26 -35 -46 -54 -64 -69 -72 -53 -34 -22 -25 -18 -13 -15 -16 -31 -130 -227 -259 -222 -16 -178 -377 -499 -580 -649 -681 -713 -747 -749 -738 -727 -710 -694 -680 -671 -665 -672 -688 -704 -730 -755 -780 -814 -850 -895 -947 -996 -1030
-115 -106 -100 -96 -97 -99 -103 -106 -105 -103 -97 -88 -74 -57 -43 -26 -11 -15 16 52 1 -35 -32 -25 -19 -18 -18 -21 -23 -21 -20 -22 -24 -21 -19 -22 -29 -37 -45 -50 -43 -36 -30 -26 -20 -12 -10 -14 -28 -88 -206 -333 -426 -471 -58 -156 -318 -446 -540 -610 -653 -686 -713 -721 -715 -706 -692 -678 -666 -658 -658 -669 -688 -709 -733 -758 -783 -814 -850 -893 -943 -992 -1024
-154 -143 -137 -133 -134 -138 -142 -147 -150 -150 -145 -134 -115 -93 -73 -48 -24 -44 -62 10 -40 -11 -9 -3 -2 -11 -15 -16 -18 -18 -15 -18 -16 -15 -10 -5 -3 -17 -26 -34 -12 -18 -23 -28 -16 -3 -5 -14 -24 -117 -272 -423 -480 -358 -53 -166 -306 -428 -520 -588 -629 -662 -688 -698 -694 -687 -673 -660 -648 -640 -642 -663 -688 -714 -737 -760 -783 -812 -845 -886 -936 -993 -1016
-188 -176 -170 -166 -169 -175 -181 -189 -198 -199 -197 -185 -162 -133 -112 -82 -49 -82 -116 4 26 1 -2 -2 -2 -2 -9 -10 -15 -19 -20 -21 -18 -13 -5 -2 -2 -4 -5 -10 -2 -7 -14 -18 -11 -4 -5 -37 -70 -138 -335 -517 -483 -363 -188 -254 -341 -443 -521 -584 -611 -639 -671 -681 -674 -668 -653 -640 -626 -612 -615 -652 -687 -720 -741 -761 -780 -805 -833 -870 -912 -955 -993
-214 -200 -195 -193 -198 -207 -217 -229 -243 -248 -249 -238 -218 -192 -167 -139 -116 -128 -146 -153 35 25 4 6 -2 -2 -2 -7 -16 -25 -26 -28 -22 -11 -4 -2 -2 -2 -2 -2 -2 -2 -6 -4 -8 -7 -17 -80 -156 -256 -394 -492 -492 -448 -409 -394 -425 -480 -526 -566 -583 -603 -629 -643 -641 -639 -627 -617 -599 -575 -587 -643 -684 -722 -743 -762 -779 -797 -819 -849 -884 -905 -971
-230 -216 -213 -213 -220 -236 -248 -266 -289 -296 -305 -297 -276 -253 -227 -198 -171 -172 -179 -230 2 20 18 43 13 -2 -8 -4 -14 -25 -27 -28 -25 -3 -2 -3 -4 -3 -2 -2 -2 -2 -8 -2 -16 -15 -16 -127 -236 -360 -476 -542 -522 -513 -547 -481 -482 -508 -524 -549 -545 -552 -581 -603 -598 -604 -591 -589 -568 -513 -532 -631 -676 -727 -744 -763 -776 -785 -801 -828 -886 -919 -964
-232 -218 -213 -217 -228 -248 -267 -292 -318 -335 -348 -347 -333 -314 -289 -263 -239 -227 -221 -229 -161 -79 2 6 1 -17 -20 -11 -14 -22 -25 -24 -11 24 31 -5 -9 -9 -9 -13 -17 -32 -47 -51 -66 -67 -106 -211 -323 -425 -494 -527 -508 -480 -451 -441 -450 -455 -470 -468 -470 -466 -485 -515 -522 -530 -523 -513 -491 -457 -473 -562 -630 -689 -726 -758 -763 -767 -783 -800 -903 -926 -978
-222 -208 -204 -210 -227 -253 -279 -311 -349 -372 -395 -401 -390 -378 -352 -326 -303 -280 -260 -263 -207 -132 -107 -89 -76 -64 -41 -12 -12 -21 -25 -19 3 142 20 -9 -15 -16 -17 -33 -48 -78 -107 -120 -153 -171 -196 -306 -417 -498 -521 -528 -490 -446 -401 -375 -359 -348 -344 -344 -342 -343 -364 -408 -430 -450 -447 -436 -413 -372 -370 -495 -583 -656 -701 -733 -743 -751 -792 -823 -876 -890 -989
-201 -187 -183 -191 -213 -246 -279 -320 -368 -399 -433 -447 -442 -436 -409 -385 -364 -336 -314 -307 -269 -219 -168 -141 -136 -104 -65 -12 -9 -27 -33 -24 45 131 11 -14 -21 -22 -31 -66 -103 -152 -198 -238 -272 -305 -350 -418 -506 -542 -535 -519 -470 -413 -353 -297 -236 -189 -192 -186 -200 -202 -216 -281 -329 -357 -373 -364 -324 -286 -280 -429 -542 -624 -681 -721 -733 -766 -838 -836 -907 -956 -1050
-169 -156 -151 -161 -188 -224 -267 -317 -369 -412 -452 -476 -480 -478 -458 -437 -415 -387 -358 -332 -291 -241 -195 -152 -103 -41 -23 -4 -6 -58 -59 -46 55 19 -2 -2 -8 -25 -48 -107 -173 -239 -300 -357 -393 -433 -478 -513 -553 -562 -541 -507 -450 -384 -310 -232 -144 -63 -75 -77 -87 -79 -112 -185 -252 -299 -329 -337 -326 -321 -344 -442 -536 -613 -674 -729 -743 -801 -875 -926 -994 -1060 -1136
-131 -119 -111 -120 -154 -195 -249 -308 -369 -422 -475 -508 -517 -524 -505 -486 -467 -435 -401 -363 -317 -257 -221 -171 -100 -59 -15 -14 -46 -77 -88 -79 -54 -22 -12 -2 -14 -32 -53 -148 -245 -328 -400 -479 -503 -545 -595 -592 -604 -590 -551 -506 -439 -363 -276 -189 -87 -3 -7 -2 -20 -23 -26 -115 -203 -264 -312 -337 -346 -365 -394 -474 -547 -613 -663 -702 -756 -836 -924 -1011 -1084 -1156 -1215
-94 -84 -80 -89 -121 -168 -228 -294 -360 -422 -478 -519 -540 -551 -544 -530 -512 -484 -449 -411 -366 -317 -276 -229 -175 -137 -106 -102 -118 -134 -139 -130 -107 -78 -54 -33 -39 -59 -101 -201 -304 -393 -468 -534 -572 -615 -630 -625 -619 -597 -556 -504 -435 -355 -268 -179 -89 -22 -2 -2 -3 -16 -41 -114 -197 -268 -322 -361 -388 -417 -453 -507 -564 -619 -668 -720 -785 -867 -956 -1046 -1128 -1207 -1267
-55 -47 -40 -45 -79 -131 -202 -278 -352 -424 -489 -539 -568 -586 -585 -577 -563 -536 -503 -465 -424 -380 -341 -299 -255 -223 -197 -191 -199 -206 -208 -197 -172 -138 -100 -61 -59 -77 -118 -251 -370 -465 -536 -593 -617 -640 -651 -647 -637 -612 -568 -513 -440 -356 -267 -176 -89 -25 -2 -2 -2 -11 -41 -120 -211 -291 -351 -397 -434 -468 -503 -536 -582 -623 -678 -739 -807 -893 -984 -1075 -1158 -1235 -1298
-17 -11 -2 -2 -27 -85 -176 -263 -346 -429 -509 -569 -603 -632 -630 -627 -621 -594 -562 -526 -488 -445 -413 -376 -333 -310 -284 -278 -286 -288 -290 -279 -251 -211 -160 -83 -78 -95 -97 -293 -449 -550 -609 -664 -660 -665 -674 -666 -661 -637 -588 -534 -453 -364 -269 -173 -77 -10 -2 -2 -2 -2 -19 -126 -240 -334 -394 -441 -482 -515 -552 -563 -590 -619 -686 -753 -820 -915 -1012 -1106 -1188 -1267 -1324
7 -2 -2 -2 -2 -59 -161 -256 -342 -433 -519 -586 -629 -664 -670 -672 -673 -652 -627 -597 -563 -528 -498 -466 -435 -415 -397 -390 -391 -391 -390 -383 -367 -335 -281 -199 -153 -208 -236 -421 -560 -635 -661 -680 -675 -675 -679 -671 -666 -646 -603 -553 -469 -378 -283 -182 -84 -18 -2 -2 -2 -8 -34 -169 -291 -399 -446 -486 -528 -550 -578 -574 -604 -638 -707 -778 -848 -943 -1039 -1131 -1213 -1289 -1345
110 8 -2 -2 -7 -74 -168 -262 -351 -443 -528 -598 -649 -687 -704 -713 -718 -706 -690 -667 -640 -613 -585 -560 -538 -521 -509 -502 -499 -499 -496 -496 -496 -485 -453 -420 -401 -443 -516 -621 -682 -717 -701 -691 -679 -674 -673 -662 -654 -641 -610 -566 -485 -394 -299 -193 -88 -8 -2 -2 -2 -22 -74 -224 -343 -437 -486 -521 -552 -569 -586 -598 -630 -673 -738 -810 -886 -976 -1068 -1157 -1237 -1309 -1367
58 24 27 -2 -21 -85 -183 -277 -364 -459 -548 -621 -674 -719 -740 -756 -769 -762 -754 -738 -715 -695 -669 -649 -636 -620 -613 -608 -602 -605 -599 -605 -626 -638 -622 -634 -624 -657 -749 -749 -771 -748 -715 -696 -675 -669 -668 -648 -640 -641 -620 -592 -504 -412 -320 -206 -85 -2 -2 -2 -2 -36 -77 -299 -404 -488 -525 -550 -571 -581 -594 -612 -651 -698 -767 -841 -918 -1008 -1099 -1188 -1265 -1338 -1391
20 51 97 1 -52 -127 -214 -303 -391 -482 -568 -641 -699 -745 -774 -796 -811 -813 -809 -798 -781 -764 -744 -727 -716 -704 -697 -691 -685 -684 -681 -687 -704 -718 -725 -742 -766 -759 -782 -773 -763 -736 -706 -687 -675 -669 -663 -626 -620 -628 -615 -581 -508 -424 -335 -232 -125 -35 -26 -31 -64 -101 -192 -345 -444 -483 -527 -550 -569 -585 -605 -633 -675 -729 -796 -872 -953 -1040 -1129 -1214 -1290 -1358 -1414
31 80 98 -63 -124 -179 -250 -331 -418 -509 -596 -672 -732 -781 -814 -840 -859 -866 -866 -859 -846 -832 -813 -799 -790 -781 -775 -768 -761 -759 -752 -755 -769 -783 -797 -801 -802 -794 -794 -772 -746 -718 -695 -686 -673 -663 -652 -627 -617 -617 -614 -585 -513 -437 -359 -266 -170 -70 -95 -119 -146 -163 -293 -425 -520 -524 -534 -547 -563 -583 -609 -644 -692 -750 -821 -899 -983 -1071 -1161 -1245 -1320 -1386 -1440
115 128 38 -93 -182 -211 -275 -357 -444 -540 -633 -712 -773 -827 -859 -887 -915 -920 -925 -920 -907 -899 -876 -862 -860 -849 -847 -839 -829 -829 -812 -807 -825 -827 -829 -836 -821 -810 -806 -768 -732 -709 -696 -689 -670 -656 -645 -620 -605 -600 -589 -576 -509 -446 -390 -310 -254 -188 -207 -229 -280 -335 -426 -512 -532 -527 -532 -542 -554 -578 -606 -647 -702 -762 -839 -922 -1009 -1100 -1195 -1281 -1353 -1422 -1469
