inst/extdata/FJ.asc
ncols        720
nrows        600
xllcorner    176.000000000000
yllcorner    -20.000000000000
cellsize     0.008333333333
NODATA_value -32768
[rows 518 to 554 of 600, columns 249 to 331 of 720]
-1782 -1838 -1879 -1927 -1984 -2027 -2077 -2123 -2159 -2202 -2252 -2285 -2322 -2349 -2363 -2380 -2379 -2383 -2390 -2380 -2373 -2362 -2345 -2333 -2322 -2316 -2313 -2322 -2334 -2357 -2394 -2433 -2488 -2543 -2598 -2664 -2729 -2796 -2858 -2917 -2972 -3024 -3071 -3097 -3121 -3145 -3170 -3195 -3220 -3249 -3278 -3310 -3344 -3378 -3411 -3443 -3474 -3505 -3535 -3563 -3590 -3618 -3643 -3669 -3696 -3719 -3740 -3757 -3763 -3768 -3773 -3767 -3761 -3748 -3728 -3709 -3682 -3657 -3636 -3609 -3586 -3563 -3532
-1826 -1879 -1922 -1969 -2019 -2063 -2109 -2151 -2186 -2225 -2267 -2300 -2332 -2356 -2371 -2384 -2386 -2387 -2390 -2381 -2371 -2357 -2341 -2328 -2321 -2317 -2316 -2326 -2341 -2367 -2405 -2447 -2501 -2557 -2612 -2674 -2736 -2799 -2857 -2907 -2951 -2993 -3030 -3072 -3116 -3155 -3193 -3228 -3261 -3295 -3328 -3363 -3399 -3434 -3467 -3500 -3532 -3562 -3590 -3617 -3642 -3666 -3688 -3711 -3733 -3751 -3768 -3780 -3784 -3786 -3787 -3781 -3772 -3756 -3735 -3711 -3681 -3652 -3622 -3586 -3546 -3500 -3450
-1866 -1917 -1959 -2004 -2053 -2093 -2137 -2176 -2207 -2243 -2281 -2311 -2342 -2364 -2376 -2389 -2388 -2388 -2391 -2378 -2367 -2351 -2335 -2320 -2318 -2317 -2315 -2330 -2345 -2375 -2417 -2460 -2517 -2572 -2625 -2688 -2748 -2807 -2863 -2908 -2937 -2970 -2990 -3051 -3117 -3171 -3221 -3264 -3303 -3341 -3379 -3417 -3454 -3490 -3523 -3557 -3591 -3619 -3646 -3670 -3692 -3715 -3732 -3751 -3770 -3783 -3796 -3805 -3804 -3803 -3803 -3793 -3783 -3765 -3739 -3714 -3679 -3644 -3610 -3565 -3516 -3462 -3436
-1894 -1943 -1988 -2032 -2075 -2115 -2154 -2189 -2221 -2252 -2285 -2313 -2340 -2360 -2373 -2382 -2382 -2381 -2378 -2368 -2356 -2343 -2331 -2321 -2321 -2323 -2328 -2344 -2366 -2398 -2439 -2486 -2540 -2596 -2652 -2713 -2772 -2831 -2885 -2930 -2962 -2980 -2967 -3060 -3141 -3204 -3258 -3306 -3349 -3391 -3431 -3471 -3508 -3545 -3579 -3612 -3644 -3673 -3699 -3721 -3740 -3758 -3773 -3787 -3801 -3811 -3819 -3822 -3820 -3816 -3811 -3799 -3785 -3764 -3737 -3708 -3672 -3634 -3596 -3552 -3507 -3466 -3441
-1922 -1969 -2016 -2060 -2099 -2135 -2171 -2203 -2232 -2260 -2288 -2315 -2340 -2359 -2371 -2378 -2377 -2373 -2367 -2357 -2345 -2334 -2325 -2319 -2322 -2328 -2336 -2357 -2382 -2417 -2461 -2509 -2564 -2621 -2678 -2740 -2801 -2862 -2919 -2969 -3012 -3053 -3064 -3123 -3189 -3249 -3303 -3353 -3399 -3443 -3485 -3525 -3564 -3602 -3635 -3668 -3700 -3727 -3753 -3773 -3789 -3803 -3813 -3823 -3833 -3839 -3843 -3843 -3836 -3828 -3821 -3806 -3790 -3766 -3736 -3704 -3664 -3624 -3584 -3539 -3497 -3459 -3429
-1956 -1995 -2049 -2092 -2124 -2157 -2189 -2219 -2242 -2266 -2292 -2316 -2342 -2361 -2369 -2378 -2371 -2365 -2359 -2347 -2334 -2324 -2319 -2312 -2324 -2334 -2341 -2369 -2396 -2434 -2482 -2529 -2589 -2647 -2704 -2769 -2833 -2898 -2959 -3015 -3064 -3115 -3145 -3193 -3249 -3302 -3354 -3403 -3450 -3495 -3540 -3581 -3620 -3660 -3690 -3722 -3757 -3782 -3808 -3826 -3837 -3848 -3852 -3858 -3867 -3867 -3869 -3865 -3851 -3840 -3832 -3814 -3796 -3769 -3735 -3702 -3656 -3613 -3573 -3523 -3479 -3439 -3409
-1996 -2027 -2089 -2130 -2153 -2177 -2203 -2231 -2251 -2270 -2288 -2311 -2334 -2350 -2360 -2368 -2362 -2354 -2346 -2338 -2328 -2323 -2323 -2320 -2337 -2351 -2362 -2394 -2424 -2464 -2513 -2561 -2620 -2679 -2738 -2805 -2873 -2941 -3006 -3069 -3132 -3189 -3233 -3272 -3316 -3363 -3408 -3455 -3503 -3547 -3592 -3633 -3671 -3712 -3740 -3771 -3806 -3829 -3853 -3870 -3877 -3887 -3884 -3886 -3892 -3887 -3884 -3877 -3858 -3844 -3834 -3812 -3791 -3761 -3725 -3690 -3642 -3595 -3551 -3496 -3443 -3390 -3355
-2033 -2073 -2118 -2155 -2183 -2199 -2220 -2240 -2259 -2273 -2286 -2304 -2321 -2335 -2347 -2355 -2351 -2342 -2336 -2333 -2332 -2335 -2339 -2344 -2361 -2379 -2399 -2431 -2465 -2506 -2551 -2599 -2654 -2712 -2773 -2840 -2910 -2982 -3052 -3124 -3198 -3267 -3309 -3342 -3378 -3419 -3460 -3504 -3550 -3593 -3638 -3678 -3715 -3752 -3781 -3811 -3842 -3865 -3886 -3900 -3906 -3911 -3907 -3905 -3905 -3897 -3889 -3876 -3857 -3839 -3823 -3800 -3776 -3745 -3707 -3668 -3620 -3570 -3520 -3463 -3406 -3349 -3304
-2071 -2116 -2148 -2179 -2208 -2223 -2240 -2257 -2266 -2274 -2282 -2294 -2308 -2319 -2334 -2347 -2340 -2327 -2323 -2328 -2337 -2348 -2357 -2365 -2387 -2410 -2433 -2470 -2506 -2547 -2590 -2635 -2687 -2743 -2804 -2872 -2945 -3022 -3095 -3174 -3260 -3347 -3378 -3402 -3432 -3470 -3507 -3549 -3595 -3636 -3681 -3722 -3755 -3792 -3816 -3845 -3878 -3896 -3917 -3928 -3929 -3934 -3924 -3918 -3918 -3903 -3891 -3875 -3851 -3830 -3813 -3786 -3761 -3728 -3687 -3647 -3596 -3544 -3492 -3430 -3366 -3302 -3241
-2099 -2142 -2174 -2201 -2225 -2240 -2253 -2263 -2268 -2271 -2275 -2281 -2287 -2293 -2313 -2331 -2324 -2302 -2307 -2321 -2344 -2364 -2379 -2394 -2417 -2445 -2477 -2515 -2554 -2592 -2630 -2671 -2718 -2771 -2831 -2898 -2973 -3052 -3129 -3208 -3284 -3346 -3399 -3437 -3472 -3510 -3547 -3587 -3629 -3669 -3711 -3749 -3783 -3815 -3840 -3867 -3894 -3912 -3929 -3937 -3938 -3938 -3928 -3920 -3912 -3897 -3881 -3861 -3836 -3813 -3791 -3764 -3735 -3701 -3661 -3618 -3569 -3516 -3459 -3394 -3324 -3250 -3180
-2129 -2172 -2200 -2225 -2247 -2259 -2267 -2270 -2269 -2268 -2267 -2267 -2268 -2271 -2279 -2282 -2268 -2255 -2286 -2312 -2356 -2383 -2402 -2417 -2442 -2478 -2518 -2561 -2603 -2639 -2669 -2701 -2743 -2792 -2850 -2918 -2995 -3080 -3162 -3242 -3320 -3392 -3431 -3470 -3509 -3548 -3583 -3621 -3661 -3700 -3740 -3777 -3808 -3839 -3862 -3886 -3911 -3927 -3941 -3947 -3946 -3942 -3930 -3918 -3907 -3890 -3870 -3847 -3819 -3794 -3769 -3740 -3710 -3675 -3636 -3593 -3544 -3490 -3430 -3363 -3286 -3199 -3105
-2161 -2207 -2226 -2248 -2273 -2276 -2281 -2277 -2269 -2263 -2258 -2253 -2249 -2247 -2249 -2247 -2246 -2249 -2271 -2317 -2378 -2401 -2423 -2431 -2459 -2508 -2554 -2606 -2655 -2687 -2703 -2724 -2759 -2806 -2860 -2930 -3010 -3108 -3194 -3276 -3351 -3415 -3457 -3503 -3545 -3585 -3617 -3652 -3691 -3726 -3767 -3805 -3832 -3863 -3878 -3900 -3929 -3939 -3955 -3958 -3950 -3948 -3928 -3913 -3903 -3880 -3860 -3832 -3800 -3772 -3748 -3716 -3687 -3652 -3612 -3571 -3522 -3469 -3410 -3343 -3262 -3171 -3079
-2176 -2220 -2238 -2258 -2282 -2283 -2283 -2275 -2264 -2255 -2246 -2238 -2229 -2225 -2225 -2222 -2232 -2243 -2262 -2306 -2354 -2391 -2417 -2439 -2464 -2535 -2586 -2643 -2697 -2722 -2727 -2737 -2767 -2815 -2863 -2936 -3013 -3131 -3227 -3313 -3383 -3403 -3500 -3546 -3582 -3617 -3644 -3674 -3710 -3742 -3779 -3814 -3839 -3870 -3881 -3900 -3925 -3933 -3945 -3947 -3938 -3934 -3912 -3895 -3882 -3857 -3834 -3806 -3772 -3742 -3715 -3685 -3655 -3622 -3586 -3547 -3504 -3455 -3400 -3340 -3268 -3188 -3108
-2175 -2215 -2237 -2257 -2275 -2278 -2277 -2269 -2258 -2248 -2236 -2227 -2217 -2211 -2210 -2211 -2222 -2237 -2257 -2293 -2333 -2371 -2406 -2439 -2477 -2534 -2586 -2637 -2681 -2708 -2729 -2740 -2761 -2826 -2870 -2946 -3015 -3140 -3261 -3362 -3448 -3515 -3551 -3583 -3612 -3639 -3663 -3689 -3718 -3747 -3778 -3807 -3831 -3855 -3868 -3883 -3901 -3909 -3917 -3918 -3912 -3903 -3885 -3867 -3850 -3825 -3799 -3770 -3738 -3707 -3679 -3651 -3623 -3593 -3561 -3527 -3490 -3449 -3403 -3351 -3293 -3227 -3157
-2172 -2213 -2233 -2253 -2273 -2274 -2272 -2263 -2252 -2241 -2228 -2218 -2205 -2198 -2199 -2198 -2213 -2229 -2245 -2280 -2315 -2354 -2395 -2435 -2480 -2531 -2581 -2628 -2668 -2689 -2701 -2692 -2726 -2848 -2865 -2960 -2989 -3148 -3308 -3417 -3504 -3543 -3583 -3617 -3640 -3661 -3680 -3701 -3724 -3748 -3774 -3799 -3818 -3840 -3849 -3861 -3876 -3881 -3888 -3889 -3881 -3874 -3855 -3837 -3818 -3792 -3764 -3733 -3701 -3671 -3642 -3616 -3591 -3565 -3539 -3511 -3481 -3448 -3412 -3372 -3326 -3275 -3214
-2160 -2197 -2222 -2243 -2259 -2264 -2263 -2257 -2247 -2237 -2225 -2214 -2203 -2197 -2196 -2198 -2210 -2225 -2244 -2273 -2307 -2345 -2386 -2430 -2477 -2526 -2574 -2618 -2656 -2684 -2706 -2725 -2773 -2855 -2904 -2970 -3009 -3117 -3370 -3475 -3554 -3598 -3634 -3659 -3668 -3679 -3693 -3709 -3726 -3744 -3763 -3780 -3796 -3811 -3821 -3830 -3839 -3844 -3848 -3848 -3844 -3836 -3821 -3803 -3782 -3756 -3727 -3695 -3663 -3632 -3604 -3580 -3558 -3537 -3517 -3496 -3475 -3452 -3426 -3398 -3365 -3324 -3273
-2150 -2187 -2213 -2234 -2252 -2257 -2258 -2252 -2244 -2233 -2222 -2212 -2201 -2194 -2193 -2195 -2206 -2220 -2237 -2265 -2297 -2334 -2378 -2422 -2472 -2521 -2568 -2614 -2653 -2687 -2721 -2756 -2814 -2884 -2946 -3019 -3096 -3222 -3395 -3522 -3629 -3660 -3691 -3707 -3694 -3694 -3703 -3716 -3728 -3739 -3750 -3761 -3772 -3783 -3791 -3797 -3803 -3805 -3807 -3810 -3808 -3802 -3789 -3771 -3750 -3722 -3691 -3656 -3623 -3591 -3563 -3542 -3525 -3509 -3495 -3482 -3470 -3457 -3444 -3429 -3410 -3385 -3347
-2143 -2182 -2205 -2228 -2250 -2253 -2255 -2250 -2241 -2232 -2221 -2210 -2197 -2189 -2188 -2188 -2201 -2214 -2226 -2255 -2285 -2323 -2369 -2414 -2468 -2520 -2567 -2616 -2658 -2696 -2739 -2777 -2852 -2924 -2989 -3075 -3167 -3311 -3439 -3563 -3680 -3703 -3729 -3732 -3715 -3705 -3712 -3722 -3729 -3733 -3736 -3741 -3748 -3757 -3761 -3765 -3768 -3767 -3767 -3775 -3775 -3771 -3759 -3743 -3722 -3693 -3658 -3618 -3582 -3548 -3517 -3503 -3491 -3480 -3474 -3468 -3465 -3464 -3463 -3464 -3464 -3459 -3444
-2130 -2167 -2193 -2216 -2238 -2245 -2249 -2246 -2239 -2231 -2223 -2213 -2202 -2192 -2190 -2189 -2202 -2214 -2226 -2254 -2283 -2322 -2369 -2414 -2472 -2525 -2574 -2629 -2678 -2726 -2778 -2830 -2904 -2979 -3053 -3140 -3237 -3363 -3468 -3579 -3693 -3710 -3729 -3733 -3724 -3720 -3720 -3723 -3727 -3724 -3720 -3717 -3723 -3726 -3733 -3732 -3731 -3732 -3729 -3740 -3743 -3740 -3730 -3716 -3697 -3666 -3628 -3581 -3542 -3505 -3473 -3465 -3458 -3454 -3455 -3456 -3462 -3471 -3484 -3501 -3526 -3553 -3560
-2115 -2150 -2178 -2202 -2222 -2233 -2239 -2240 -2236 -2231 -2224 -2216 -2207 -2200 -2197 -2199 -2208 -2221 -2236 -2262 -2293 -2332 -2379 -2428 -2485 -2541 -2595 -2654 -2711 -2768 -2829 -2892 -2964 -3040 -3117 -3200 -3290 -3388 -3477 -3563 -3646 -3678 -3706 -3721 -3724 -3724 -3723 -3722 -3720 -3715 -3709 -3704 -3704 -3704 -3707 -3710 -3708 -3708 -3710 -3714 -3714 -3711 -3704 -3693 -3674 -3643 -3602 -3552 -3504 -3463 -3437 -3432 -3433 -3435 -3439 -3445 -3457 -3474 -3496 -3524 -3558 -3591 -3616
-2103 -2138 -2166 -2191 -2211 -2225 -2233 -2236 -2234 -2231 -2226 -2219 -2212 -2205 -2203 -2204 -2214 -2226 -2242 -2268 -2300 -2340 -2389 -2440 -2500 -2560 -2619 -2682 -2745 -2811 -2879 -2949 -3024 -3100 -3178 -3256 -3336 -3415 -3485 -3533 -3546 -3635 -3688 -3715 -3725 -3728 -3725 -3720 -3715 -3706 -3697 -3689 -3684 -3682 -3682 -3682 -3684 -3686 -3690 -3691 -3687 -3684 -3681 -3675 -3660 -3628 -3582 -3522 -3461 -3410 -3387 -3397 -3409 -3416 -3422 -3430 -3448 -3472 -3502 -3540 -3583 -3622 -3654
-2095 -2130 -2157 -2182 -2205 -2219 -2230 -2236 -2234 -2231 -2228 -2222 -2215 -2208 -2206 -2206 -2218 -2230 -2243 -2273 -2303 -2345 -2398 -2451 -2518 -2582 -2642 -2713 -2781 -2853 -2930 -3005 -3083 -3161 -3237 -3311 -3383 -3453 -3520 -3571 -3606 -3663 -3701 -3724 -3732 -3735 -3726 -3718 -3711 -3697 -3685 -3672 -3663 -3657 -3654 -3654 -3657 -3660 -3670 -3667 -3660 -3658 -3653 -3650 -3648 -3616 -3567 -3490 -3410 -3340 -3324 -3364 -3391 -3400 -3403 -3409 -3433 -3464 -3500 -3551 -3605 -3648 -3681
-2088 -2121 -2149 -2174 -2196 -2211 -2224 -2230 -2231 -2230 -2229 -2224 -2218 -2213 -2211 -2212 -2224 -2239 -2255 -2284 -2318 -2363 -2418 -2476 -2545 -2613 -2679 -2754 -2829 -2907 -2988 -3067 -3145 -3222 -3297 -3370 -3441 -3510 -3573 -3639 -3712 -3721 -3733 -3741 -3740 -3737 -3724 -3711 -3700 -3682 -3666 -3650 -3637 -3627 -3621 -3619 -3621 -3623 -3627 -3626 -3622 -3620 -3616 -3612 -3605 -3576 -3529 -3450 -3364 -3269 -3313 -3356 -3381 -3395 -3386 -3387 -3415 -3452 -3496 -3556 -3609 -3639 -3660
-2083 -2116 -2143 -2167 -2190 -2205 -2219 -2227 -2229 -2230 -2230 -2226 -2221 -2216 -2215 -2215 -2232 -2248 -2263 -2298 -2332 -2380 -2441 -2500 -2577 -2649 -2716 -2799 -2879 -2963 -3049 -3132 -3208 -3284 -3359 -3429 -3501 -3570 -3619 -3677 -3747 -3752 -3761 -3759 -3749 -3741 -3718 -3701 -3688 -3664 -3644 -3623 -3606 -3594 -3584 -3580 -3581 -3581 -3584 -3582 -3580 -3580 -3575 -3571 -3566 -3541 -3510 -3441 -3369 -3310 -3313 -3362 -3377 -3398 -3360 -3352 -3393 -3440 -3489 -3568 -3625 -3629 -3626
-2081 -2112 -2137 -2161 -2182 -2198 -2212 -2221 -2225 -2228 -2230 -2227 -2223 -2222 -2224 -2226 -2248 -2267 -2283 -2322 -2359 -2411 -2478 -2540 -2622 -2699 -2770 -2856 -2940 -3027 -3112 -3195 -3269 -3343 -3417 -3484 -3550 -3609 -3650 -3686 -3734 -3753 -3763 -3761 -3744 -3731 -3702 -3679 -3663 -3634 -3611 -3588 -3567 -3553 -3542 -3536 -3534 -3534 -3535 -3534 -3534 -3534 -3529 -3525 -3518 -3498 -3470 -3421 -3374 -3337 -3326 -3351 -3360 -3346 -3317 -3332 -3384 -3445 -3516 -3602 -3652 -3616 -3583
-2081 -2109 -2133 -2155 -2174 -2190 -2204 -2214 -2221 -2226 -2229 -2230 -2231 -2234 -2241 -2251 -2273 -2297 -2323 -2363 -2408 -2464 -2531 -2601 -2681 -2761 -2839 -2924 -3009 -3094 -3176 -3255 -3328 -3400 -3470 -3533 -3593 -3645 -3684 -3720 -3744 -3754 -3755 -3746 -3726 -3703 -3674 -3646 -3621 -3593 -3566 -3542 -3521 -3505 -3493 -3486 -3483 -3482 -3483 -3484 -3484 -3484 -3481 -3477 -3469 -3454 -3432 -3402 -3373 -3351 -3343 -3352 -3359 -3357 -3356 -3380 -3422 -3467 -3566 -3652 -3660 -3623 -3549
-2083 -2108 -2130 -2151 -2169 -2184 -2198 -2209 -2218 -2225 -2230 -2234 -2238 -2244 -2257 -2272 -2299 -2328 -2359 -2403 -2453 -2514 -2586 -2660 -2743 -2826 -2908 -2994 -3079 -3163 -3242 -3318 -3388 -3457 -3525 -3585 -3641 -3687 -3716 -3733 -3759 -3761 -3753 -3735 -3707 -3677 -3641 -3608 -3578 -3546 -3517 -3491 -3468 -3452 -3440 -3432 -3429 -3429 -3431 -3433 -3434 -3435 -3434 -3431 -3426 -3415 -3400 -3382 -3365 -3353 -3350 -3357 -3367 -3378 -3395 -3427 -3470 -3527 -3614 -3691 -3676 -3639 -3518
-2087 -2109 -2130 -2149 -2165 -2181 -2194 -2206 -2218 -2227 -2232 -2240 -2245 -2254 -2273 -2290 -2327 -2360 -2390 -2444 -2495 -2562 -2642 -2718 -2808 -2894 -2976 -3065 -3152 -3234 -3308 -3382 -3448 -3514 -3582 -3637 -3694 -3738 -3764 -3798 -3796 -3772 -3755 -3726 -3685 -3649 -3603 -3563 -3532 -3494 -3463 -3434 -3410 -3393 -3382 -3375 -3372 -3374 -3377 -3382 -3385 -3388 -3388 -3388 -3386 -3380 -3371 -3360 -3353 -3349 -3349 -3361 -3376 -3394 -3423 -3464 -3504 -3561 -3638 -3670 -3669 -3571 -3458
-2093 -2112 -2132 -2150 -2165 -2180 -2193 -2206 -2222 -2233 -2241 -2253 -2264 -2279 -2301 -2326 -2366 -2406 -2444 -2500 -2560 -2632 -2714 -2796 -2883 -2970 -3055 -3139 -3221 -3299 -3371 -3441 -3502 -3564 -3628 -3679 -3727 -3763 -3778 -3795 -3785 -3759 -3731 -3693 -3647 -3602 -3551 -3506 -3469 -3430 -3397 -3368 -3345 -3329 -3319 -3314 -3314 -3317 -3322 -3329 -3335 -3340 -3343 -3345 -3346 -3345 -3342 -3338 -3338 -3341 -3348 -3362 -3382 -3407 -3438 -3477 -3515 -3560 -3609 -3624 -3607 -3534 -3444
-2102 -2117 -2138 -2155 -2167 -2183 -2195 -2209 -2231 -2245 -2253 -2272 -2285 -2305 -2335 -2360 -2413 -2458 -2497 -2563 -2625 -2703 -2790 -2875 -2962 -3048 -3134 -3212 -3292 -3364 -3431 -3500 -3551 -3609 -3674 -3716 -3762 -3789 -3775 -3753 -3766 -3738 -3705 -3659 -3601 -3550 -3489 -3440 -3401 -3358 -3323 -3294 -3273 -3259 -3251 -3249 -3252 -3257 -3266 -3276 -3284 -3292 -3298 -3304 -3308 -3311 -3313 -3315 -3321 -3329 -3341 -3359 -3383 -3411 -3444 -3484 -3514 -3550 -3588 -3590 -3574 -3513 -3442
-2117 -2130 -2152 -2168 -2178 -2196 -2208 -2225 -2253 -2272 -2282 -2307 -2324 -2351 -2389 -2420 -2478 -2529 -2574 -2643 -2710 -2791 -2877 -2961 -3042 -3124 -3207 -3280 -3354 -3422 -3480 -3543 -3587 -3639 -3699 -3736 -3780 -3806 -3781 -3755 -3761 -3710 -3665 -3605 -3535 -3477 -3411 -3357 -3315 -3271 -3237 -3210 -3192 -3183 -3178 -3180 -3186 -3196 -3208 -3221 -3233 -3245 -3254 -3263 -3270 -3277 -3284 -3291 -3302 -3314 -3330 -3351 -3376 -3405 -3436 -3472 -3499 -3530 -3559 -3560 -3549 -3509 -3458
-2141 -2156 -2175 -2192 -2206 -2224 -2242 -2263 -2290 -2314 -2335 -2362 -2389 -2422 -2463 -2506 -2561 -2616 -2672 -2738 -2808 -2885 -2965 -3044 -3120 -3196 -3270 -3338 -3403 -3462 -3515 -3565 -3605 -3648 -3694 -3729 -3763 -3784 -3774 -3739 -3708 -3650 -3589 -3519 -3445 -3378 -3313 -3257 -3211 -3170 -3138 -3116 -3103 -3097 -3099 -3106 -3117 -3132 -3148 -3165 -3182 -3197 -3211 -3223 -3234 -3245 -3256 -3268 -3281 -3297 -3315 -3336 -3362 -3389 -3419 -3450 -3477 -3504 -3525 -3532 -3527 -3507 -3478
-2167 -2183 -2203 -2220 -2236 -2257 -2277 -2302 -2334 -2363 -2389 -2422 -2455 -2495 -2542 -2590 -2648 -2707 -2766 -2834 -2905 -2979 -3054 -3128 -3198 -3267 -3335 -3395 -3453 -3504 -3546 -3587 -3618 -3651 -3688 -3716 -3745 -3766 -3766 -3709 -3660 -3584 -3508 -3426 -3343 -3270 -3203 -3145 -3098 -3059 -3030 -3012 -3005 -3005 -3014 -3028 -3045 -3066 -3088 -3110 -3131 -3151 -3168 -3184 -3199 -3214 -3228 -3243 -3260 -3277 -3296 -3319 -3344 -3371 -3399 -3429 -3455 -3480 -3501 -3513 -3517 -3511 -3499
-2197 -2210 -2235 -2254 -2267 -2293 -2314 -2342 -2384 -2418 -2444 -2487 -2523 -2567 -2623 -2673 -2737 -2798 -2857 -2928 -2999 -3072 -3143 -3214 -3275 -3338 -3402 -3452 -3504 -3546 -3576 -3610 -3624 -3646 -3680 -3693 -3718 -3730 -3680 -3641 -3608 -3507 -3421 -3324 -3230 -3152 -3082 -3024 -2976 -2939 -2912 -2899 -2900 -2907 -2925 -2946 -2970 -2998 -3028 -3055 -3081 -3106 -3127 -3147 -3165 -3183 -3200 -3218 -3237 -3256 -3275 -3299 -3324 -3350 -3378 -3407 -3432 -3458 -3483 -3498 -3513 -3519 -3519
-2236 -2253 -2278 -2300 -2318 -2346 -2373 -2407 -2450 -2489 -2524 -2569 -2614 -2665 -2720 -2775 -2836 -2897 -2958 -3025 -3093 -3162 -3227 -3291 -3346 -3401 -3456 -3498 -3537 -3567 -3587 -3606 -3610 -3619 -3635 -3639 -3650 -3654 -3619 -3542 -3477 -3379 -3283 -3185 -3094 -3015 -2949 -2893 -2846 -2814 -2793 -2786 -2794 -2808 -2834 -2863 -2894 -2931 -2967 -3001 -3033 -3062 -3089 -3113 -3134 -3155 -3175 -3195 -3215 -3235 -3254 -3277 -3300 -3326 -3352 -3380 -3406 -3432 -3458 -3480 -3501 -3517 -3529
-2281 -2296 -2328 -2353 -2372 -2407 -2437 -2474 -2525 -2569 -2606 -2658 -2708 -2765 -2821 -2876 -2937 -2997 -3058 -3122 -3187 -3252 -3311 -3370 -3414 -3461 -3512 -3539 -3569 -3587 -3591 -3601 -3585 -3579 -3583 -3566 -3564 -3556 -3466 -3399 -3339 -3233 -3132 -3034 -2946 -2865 -2809 -2756 -2706 -2684 -2667 -2668 -2685 -2705 -2743 -2781 -2816 -2863 -2909 -2950 -2987 -3021 -3052 -3081 -3106 -3130 -3151 -3172 -3194 -3214 -3232 -3254 -3275 -3299 -3325 -3352 -3378 -3405 -3434 -3460 -3488 -3514 -3535
-2338 -2358 -2391 -2421 -2446 -2484 -2520 -2564 -2615 -2662 -2707 -2759 -2811 -2866 -2923 -2980 -3039 -3098 -3158 -3218 -3278 -3338 -3389 -3439 -3473 -3509 -3548 -3565 -3582 -3586 -3577 -3569 -3541 -3516 -3496 -3461 -3427 -3386 -3306 -3232 -3158 -3064 -2967 -2876 -2796 -2720 -2671 -2623 -2577 -2562 -2551 -2559 -2586 -2614 -2661 -2705 -2747 -2801 -2853 -2901 -2945 -2984 -3020 -3052 -3082 -3108 -3131 -3154 -3176 -3195 -3213 -3232 -3251 -3272 -3296 -3321 -3348 -3376 -3406 -3436 -3468 -3500 -3530
