inst/extdata/FJ.asc
ncols        720
nrows        600
xllcorner    176.000000000000
yllcorner    -20.000000000000
cellsize     0.008333333333
NODATA_value -32768
[rows 296 to 332 of 600, columns 249 to 331 of 720]
656 645 540 346 317 317 221 337 189 186 164 327 398 302 224 99 71 61 22 10 7 43 117 76 171 341 370 359 326 196 58 1 -2 -30 -29 -19 -9 -31 -30 -27 -23 -27 -2 -25 -137 -151 -181 -229 -175 -89 -24 -20 -19 -20 -40 -59 -72 -76 -98 -68 -56 -65 -77 -79 -60 -61 -85 -198 -302 -382 -446 -502 -553 -597 -633 -669 -690 -715 -746 -761 -783 -798 -783
469 493 351 362 214 328 195 198 185 146 146 312 373 184 128 112 31 56 53 25 14 37 38 26 95 319 419 387 335 253 85 18 5 -9 -19 -19 -7 -33 -33 -28 -21 -13 -10 -21 -51 -86 -116 -126 -72 -53 -34 -26 -24 -23 -32 -39 -48 -32 -47 -37 -24 -79 -71 -83 -81 -46 -116 -215 -299 -370 -430 -480 -526 -568 -604 -639 -666 -694 -724 -744 -766 -781 -778
267 257 196 217 258 170 184 136 175 123 155 264 213 150 60 58 22 19 7 7 11 18 33 54 76 234 397 299 284 286 147 53 -5 2 -7 -31 -20 -34 -34 -32 -23 -22 -27 -28 -32 -40 -65 -73 -44 -40 -36 -32 -33 -37 -32 -28 -57 -50 -47 -48 -77 -143 -66 -109 -162 -148 -181 -258 -311 -366 -421 -461 -501 -540 -574 -610 -636 -666 -699 -721 -746 -763 -765
229 274 236 143 196 159 139 156 133 126 111 116 103 99 99 79 27 20 34 31 27 14 9 13 24 82 201 213 283 295 177 21 23 25 1 -19 -18 -31 -32 -30 -27 -28 -29 -29 -29 -33 -44 -70 -89 -65 -71 -57 -42 -37 -41 -54 -79 -82 -79 -78 -82 -52 -80 -125 -174 -206 -223 -273 -314 -355 -397 -433 -469 -504 -538 -571 -600 -629 -659 -684 -708 -725 -733
296 173 184 134 166 114 171 225 190 198 114 109 86 79 84 148 166 136 160 106 18 13 48 59 109 54 45 232 329 327 211 101 75 2 -2 -28 -31 -37 -33 -28 -29 -33 -29 -29 -26 -24 -24 -77 -169 -167 -139 -88 -46 -30 -46 -83 -117 -123 -118 -116 -152 -150 -134 -141 -170 -218 -224 -283 -312 -339 -373 -402 -435 -468 -500 -533 -561 -590 -620 -645 -669 -687 -698
406 322 129 129 126 173 180 230 231 282 213 166 95 77 87 179 161 143 125 130 74 124 137 143 235 191 66 188 308 347 282 129 28 56 31 3 -21 -29 -30 -25 -28 -38 -26 -28 -24 -26 -28 -46 -76 -136 -178 -105 -50 -13 -49 -116 -171 -170 -157 -129 -218 -220 -165 -134 -131 -168 -171 -286 -300 -311 -343 -363 -395 -428 -460 -494 -521 -549 -581 -603 -630 -649 -659
191 183 150 99 169 257 262 206 143 202 321 235 145 90 110 157 110 96 103 95 75 88 103 160 209 315 104 96 255 351 344 277 212 191 79 5 -2 -19 -30 -29 -32 -16 -22 -31 -21 -31 -26 -17 -2 -80 -133 -89 -58 -37 -113 -159 -229 -214 -231 -142 -80 -187 -143 -101 -82 -142 -141 -179 -238 -244 -262 -301 -339 -378 -413 -447 -474 -501 -530 -552 -575 -592 -602
348 231 197 125 122 113 108 108 111 288 276 184 139 108 97 148 113 74 66 80 67 77 154 160 161 272 99 98 276 323 361 363 330 177 55 67 21 1 -23 -21 -26 -23 -29 -37 -31 -37 -30 -23 -19 -56 -86 -91 -80 -43 -88 -130 -177 -155 -138 -121 -89 -138 -90 -56 -34 -53 -72 -86 -119 -156 -215 -246 -288 -327 -362 -395 -422 -448 -473 -493 -512 -526 -534
318 475 388 290 215 163 91 82 86 164 179 112 96 81 79 91 79 71 66 66 64 104 147 98 134 210 101 208 410 428 445 435 394 296 150 38 -2 14 4 -2 -15 -25 -32 -36 -29 -30 -30 -24 -23 -45 -64 -87 -117 -55 -58 -73 -89 -62 -14 -19 -28 -18 -11 -15 -23 -14 -22 -4 -33 -50 -96 -168 -235 -278 -312 -345 -371 -395 -418 -435 -449 -461 -467
476 600 522 449 492 284 158 117 80 78 86 125 100 77 72 69 68 59 71 58 57 90 117 84 105 165 142 217 395 484 483 429 403 296 129 37 30 43 71 8 4 -15 -32 -36 -21 -21 -31 -24 -16 -39 -41 -47 -54 -7 -18 -21 -33 -17 -9 -12 -19 -11 -18 -39 -28 -21 -21 -2 -2 -11 -31 -102 -190 -228 -261 -297 -321 -343 -365 -378 -390 -399 -403
648 624 524 516 439 350 264 137 99 141 183 207 206 147 131 87 97 68 57 57 58 61 63 68 97 130 203 308 400 484 453 433 412 371 195 87 73 125 60 128 42 -2 -14 -20 -17 -4 -21 -27 -39 -52 -44 -35 -33 -8 -13 -15 -15 -8 -16 -21 -17 -19 -22 -33 -32 -24 -20 -14 -7 -2 -6 -28 -71 -138 -196 -241 -267 -289 -309 -321 -330 -336 -340
663 562 520 457 241 179 207 203 185 250 358 274 308 219 190 149 239 146 72 58 52 65 78 109 143 190 207 380 323 487 468 383 412 422 377 278 244 138 184 133 116 52 9 7 3 17 13 -18 -62 -87 -93 -32 -17 -8 -18 -19 -11 -8 -6 -6 -4 -20 -25 -27 -25 -17 -13 -6 -14 -7 -19 -3 -2 -66 -139 -192 -216 -236 -256 -266 -273 -276 -283
713 659 578 429 293 192 140 164 194 305 384 341 354 310 297 245 320 283 142 66 63 123 140 161 203 309 257 191 195 336 517 407 377 453 488 439 276 177 323 249 187 222 85 42 81 134 138 48 9 1 -145 -36 -9 -7 -14 -20 -19 -14 -19 -3 -2 -33 -29 -24 -13 -12 -13 -17 -11 -3 -6 3 14 -22 -94 -131 -159 -178 -196 -213 -225 -228 -236
789 632 432 338 370 254 161 154 146 179 315 215 268 259 264 308 245 183 135 60 95 125 133 115 165 238 178 134 222 385 598 482 365 373 493 523 470 325 415 386 250 241 223 160 205 285 329 189 94 21 -77 -31 -13 -3 -7 -9 -12 -10 -18 -16 -13 -24 -27 -26 -12 -11 -15 -18 -9 -5 -2 46 59 2 -26 -71 -106 -121 -140 -167 -195 -191 -196
644 522 327 229 219 184 154 167 146 129 266 233 201 238 214 232 234 138 107 89 61 124 95 139 164 134 106 180 337 506 525 533 383 336 399 511 518 464 460 483 363 286 326 339 448 460 413 332 169 40 -44 -28 -22 -14 -8 -11 -15 -21 -27 -27 -19 -22 -26 -39 -24 -13 -17 -14 -10 -10 -4 6 13 -13 -5 -30 -49 -58 -79 -111 -167 -139 -146
637 460 308 254 200 198 149 150 200 152 186 252 151 130 142 141 207 211 118 61 63 102 64 78 79 102 170 227 317 428 451 482 420 397 289 398 498 580 564 557 439 319 334 323 397 377 304 290 126 38 3 -33 -41 -28 -16 -18 -18 -32 -36 -31 -23 -19 -20 -35 -31 -18 -9 -11 -13 -18 -4 -5 -5 -8 -27 -16 -10 -11 -15 -12 -2 -31 -58
747 719 634 438 373 301 207 143 222 202 130 140 171 146 130 141 242 247 137 129 129 71 67 129 139 189 275 316 384 297 294 329 304 336 249 250 482 556 534 586 506 412 365 289 247 245 195 228 108 54 13 3 -97 -69 -37 -23 -23 -25 -28 -32 -22 -15 -6 -27 -28 -24 -21 -13 -10 -9 -7 -8 -12 -18 -26 -30 -5 -4 -5 -5 -13 -25 -33
812 787 773 745 541 327 244 154 133 139 119 107 229 271 198 123 152 279 259 235 172 132 79 144 193 314 311 226 390 255 160 199 332 212 192 214 404 470 542 592 580 526 458 263 195 125 121 160 84 41 15 12 8 1 -34 -13 -19 -13 -12 -23 -17 -22 -27 -31 -35 -27 -21 -10 -8 -7 -9 -11 -18 -27 -15 -5 -15 -10 -9 -19 -44 -37 -33
759 736 690 619 558 309 195 149 129 133 114 92 139 291 224 135 144 223 203 188 110 88 58 68 109 249 176 230 316 295 165 183 363 280 166 215 289 360 566 509 533 587 501 358 307 193 72 103 62 47 17 12 21 25 34 11 -2 -2 -10 -19 -9 -13 -24 -29 -32 -27 -26 -18 -7 -2 -3 -10 -17 -44 -8 -2 -9 -11 -18 -15 -29 -16 -2
769 660 648 586 446 364 271 198 159 177 186 133 136 193 177 114 92 152 135 180 143 92 82 121 185 271 183 147 276 216 123 209 352 248 149 122 227 239 350 321 383 578 634 558 362 324 101 75 71 48 35 53 103 160 106 64 27 6 -2 -18 -11 -20 -25 -28 -29 -29 -31 -18 -4 -3 -2 -20 -45 -18 -2 -3 -7 -8 -27 -23 -14 1 13
693 595 557 500 487 420 388 319 231 249 199 137 98 110 113 115 67 92 183 190 197 118 78 164 270 262 148 91 196 152 91 212 353 228 170 86 228 169 231 436 571 708 622 490 507 314 248 154 99 41 128 134 213 236 129 72 84 61 21 3 -9 4 -28 -24 -24 -29 -28 -20 -14 -16 -25 -46 -48 -26 -13 -8 -12 -21 -49 -31 -14 3 70
607 560 530 509 396 345 337 313 300 293 257 194 128 94 82 76 66 68 85 103 163 93 107 197 257 173 183 93 109 136 74 185 270 265 105 90 250 189 224 433 501 463 593 554 349 321 225 90 103 85 163 278 317 233 192 198 137 98 68 29 11 1 -26 -16 -15 -24 -26 -20 -20 -25 -37 -48 -50 -31 -19 -11 -13 -15 -27 -11 19 72 63
484 555 521 537 456 376 328 331 317 289 312 269 197 147 150 134 99 92 94 74 69 67 95 91 92 67 74 146 67 92 63 100 204 255 130 64 214 222 127 214 223 254 336 366 253 152 119 186 249 178 292 337 268 248 216 174 156 119 88 43 23 -36 -22 -15 -12 -17 -20 -21 -21 -26 -36 -44 -43 -27 -18 -14 -19 -27 -20 -2 20 123 153
367 506 514 496 493 429 379 379 325 297 318 348 318 291 267 275 219 167 212 167 157 108 143 87 52 61 79 65 46 72 64 89 242 155 69 51 153 160 101 133 167 194 238 296 219 176 154 363 469 288 405 399 293 282 367 341 293 261 184 97 43 4 -18 -14 -7 -14 -15 -23 -18 -23 -32 -45 -41 -24 -14 -11 -17 -23 -20 16 74 101 175
296 373 472 464 460 473 443 393 344 292 309 325 345 321 325 340 255 292 294 273 187 190 151 96 91 81 113 111 94 55 69 83 195 136 56 93 177 88 85 142 242 264 275 328 319 240 183 296 595 451 484 381 372 350 399 366 356 278 132 64 77 9 -42 -21 -15 -18 -9 -26 -9 -17 -26 -33 -25 -15 -7 -10 -14 -16 -11 1 21 82 192
364 296 471 486 413 506 504 438 390 340 278 305 326 330 286 330 258 277 371 311 259 235 217 186 177 181 198 253 194 113 57 65 74 93 61 161 161 83 88 148 212 259 302 344 320 379 357 383 523 539 548 540 429 374 288 257 230 192 97 46 15 -79 -52 -30 -17 -6 -2 -11 -10 -17 -23 -27 -11 -10 -9 -12 -13 -15 -26 -2 32 124 204
394 341 566 539 371 459 529 484 419 379 249 224 260 254 190 229 230 181 211 220 175 230 303 285 294 345 265 179 171 118 72 121 103 44 71 78 82 58 81 177 193 211 237 177 323 423 370 389 457 328 325 400 445 481 423 326 185 116 102 69 10 -44 -39 -28 -19 -11 -2 -5 -12 -19 -21 -21 -14 -10 -10 -12 -12 -11 -6 -2 25 60 143
357 297 498 562 391 347 400 493 419 327 219 153 132 135 133 185 204 134 177 169 150 173 252 234 315 310 232 150 119 120 113 127 72 34 32 27 30 40 66 87 111 181 132 215 266 294 209 216 260 266 233 224 260 300 371 302 173 72 38 52 2 -45 -33 -23 -15 -22 -8 -8 -15 -22 -21 -19 -17 -11 -8 -2 -8 -10 -3 -2 11 79 84
329 255 413 498 402 340 365 437 342 258 209 188 172 126 109 127 112 110 107 112 134 181 239 205 218 273 246 189 113 75 69 60 62 116 116 77 66 80 82 90 141 154 112 184 239 298 188 129 139 215 216 165 154 177 281 164 154 115 41 9 -53 -40 -27 -16 -7 -11 -5 -8 -17 -28 -21 -17 -13 -8 -4 -2 -8 -15 -22 -2 5 28 21
259 212 320 433 382 292 342 438 393 326 269 255 172 108 101 112 160 171 170 160 128 153 158 169 193 282 254 148 161 160 175 156 176 133 93 54 45 72 122 104 121 96 130 187 227 262 174 104 104 138 236 271 212 145 182 161 87 94 48 1 -31 -22 -17 -13 -8 -10 -8 -9 -16 -21 -16 -14 -10 -7 -5 -3 -8 1 -17 -9 -5 6 16
398 256 210 267 323 310 475 409 397 320 249 206 152 176 112 82 97 164 247 237 177 169 177 219 234 276 287 270 265 240 210 163 180 147 81 68 41 131 167 99 148 92 107 149 210 261 234 142 77 109 144 219 192 113 138 116 76 40 4 -13 -4 -2 -5 -9 -6 -6 -7 -7 -13 -19 -7 -8 -8 -6 -8 -11 -11 8 -19 -18 -39 8 57
485 380 274 197 372 201 272 344 413 330 295 252 207 195 133 93 74 135 186 194 201 221 247 331 383 362 398 347 323 355 267 238 218 152 146 134 54 69 87 104 163 84 57 128 176 225 219 163 105 61 97 204 195 162 103 85 38 11 4 -18 -2 -2 -2 -2 -2 -2 -5 -4 -7 -16 -9 -6 -8 -4 -12 -22 -7 6 3 -12 -72 -36 16
713 499 344 201 170 149 193 322 336 319 273 275 224 163 117 87 72 125 143 125 155 197 273 332 414 435 362 304 269 308 341 351 272 247 263 242 155 46 100 148 82 95 101 167 173 250 191 172 118 64 72 181 152 114 74 31 9 7 4 -46 -6 -11 -2 -2 -2 -3 -14 -14 -7 -22 -10 -4 -15 -9 -13 -36 -21 1 11 -25 -48 -11 -2
861 531 378 276 256 206 121 233 277 219 267 211 213 226 191 128 78 107 151 172 199 208 212 296 439 459 427 367 276 230 307 395 344 324 377 285 128 50 99 111 73 248 245 185 154 232 250 144 119 100 63 100 64 46 56 33 7 10 3 -80 -68 -56 -22 -2 -2 -2 -5 -10 -8 -12 -13 -8 -12 -8 -9 -7 -11 -11 8 28 6 -12 -3
939 635 495 410 405 200 95 118 156 160 159 198 175 108 111 88 84 204 208 156 119 151 263 335 389 343 401 392 276 201 272 256 297 239 236 247 211 150 44 59 181 272 278 223 168 143 191 123 78 89 54 69 50 33 39 41 15 6 -191 -81 1 -100 -42 -2 1 -2 -14 -10 -9 -13 -19 -8 -15 -19 -14 -5 -10 -9 -9 52 48 1 -5
902 657 482 393 419 292 117 149 164 113 100 91 86 117 152 127 137 79 82 66 126 178 193 268 370 328 365 284 175 168 275 216 212 231 158 168 176 126 44 51 166 210 251 215 119 116 189 159 109 56 36 47 34 30 24 26 11 2 -108 -23 -51 -32 -33 -20 1 -2 -9 -3 -6 -7 -4 -7 -13 -18 -15 -9 -9 -7 -5 31 51 37 -2
700 737 532 338 287 215 138 197 232 150 149 154 213 177 199 179 283 179 96 59 46 102 160 262 275 317 304 208 138 196 324 236 161 162 117 61 82 150 53 133 209 220 232 161 92 84 168 117 79 56 37 30 24 30 16 12 9 7 1 -57 -52 -43 -48 -48 -31 -3 -10 -7 -7 -8 -6 -6 -9 -13 -15 -12 -10 -7 -4 10 31 56 14
