inst/extdata/FJ.asc
ncols        720
nrows        600
xllcorner    176.000000000000
yllcorner    -20.000000000000
cellsize     0.008333333333
NODATA_value -32768
[rows 74 to 110 of 600, columns 498 to 580 of 720]
-3083 -3138 -3153 -3191 -3210 -3218 -3247 -3234 -3243 -3273 -3263 -3267 -3248 -3211 -3184 -3122 -3071 -3028 -2954 -2883 -2800 -2709 -2624 -2546 -2471 -2400 -2344 -2311 -2283 -2260 -2289 -2356 -2405 -2507 -2626 -2618 -2574 -2363 -2169 -2224 -2292 -2426 -2540 -2590 -2711 -2932 -2868 -2701 -2612 -2709 -2917 -2993 -2778 -2663 -2707 -2752 -2708 -2568 -2504 -2381 -2329 -2524 -2837 -2920 -2808 -2649 -2406 -2374 -2437 -2340 -2322 -2344 -2352 -2386 -2434 -2483 -2457 -2429 -2421 -2473 -2532 -2533 -2499
-2976 -3023 -3055 -3091 -3117 -3135 -3156 -3159 -3171 -3189 -3188 -3185 -3167 -3135 -3099 -3046 -2993 -2941 -2873 -2800 -2719 -2635 -2553 -2477 -2407 -2344 -2296 -2266 -2247 -2235 -2254 -2309 -2391 -2492 -2567 -2625 -2685 -2600 -2392 -2346 -2370 -2492 -2625 -2659 -2727 -2846 -2822 -2691 -2610 -2679 -2872 -2924 -2817 -2638 -2654 -2648 -2555 -2504 -2454 -2304 -2215 -2365 -2628 -2810 -2727 -2534 -2373 -2307 -2319 -2334 -2327 -2341 -2360 -2391 -2444 -2532 -2519 -2478 -2466 -2502 -2540 -2561 -2531
-2847 -2901 -2939 -2982 -3015 -3037 -3061 -3069 -3083 -3105 -3105 -3103 -3085 -3053 -3017 -2964 -2911 -2858 -2790 -2717 -2638 -2556 -2476 -2404 -2337 -2278 -2236 -2209 -2202 -2206 -2165 -2224 -2394 -2458 -2559 -2634 -2683 -2681 -2657 -2493 -2396 -2477 -2604 -2638 -2685 -2738 -2720 -2649 -2582 -2693 -2885 -2887 -2792 -2568 -2532 -2535 -2486 -2446 -2380 -2294 -2141 -2161 -2391 -2752 -2689 -2464 -2334 -2297 -2314 -2327 -2343 -2351 -2371 -2396 -2447 -2542 -2565 -2515 -2496 -2524 -2546 -2550 -2528
-2698 -2772 -2807 -2864 -2904 -2924 -2963 -2962 -2982 -3020 -3014 -3020 -3003 -2966 -2937 -2876 -2823 -2779 -2706 -2636 -2556 -2473 -2395 -2325 -2260 -2200 -2158 -2128 -2107 -2036 -2018 -2088 -2273 -2394 -2532 -2606 -2687 -2700 -2705 -2544 -2351 -2371 -2493 -2559 -2637 -2652 -2658 -2640 -2646 -2745 -2877 -2850 -2705 -2488 -2392 -2340 -2335 -2341 -2269 -2168 -2097 -2086 -2339 -2646 -2676 -2433 -2305 -2302 -2306 -2305 -2342 -2362 -2379 -2412 -2417 -2457 -2575 -2574 -2517 -2521 -2561 -2567 -2526
-2500 -2572 -2622 -2680 -2727 -2761 -2801 -2814 -2839 -2876 -2882 -2889 -2877 -2848 -2818 -2765 -2716 -2671 -2605 -2538 -2462 -2385 -2311 -2244 -2180 -2120 -2069 -2026 -1986 -1962 -1948 -1921 -2099 -2215 -2332 -2477 -2587 -2693 -2691 -2590 -2294 -2296 -2386 -2458 -2562 -2558 -2577 -2577 -2618 -2773 -2803 -2776 -2628 -2449 -2400 -2356 -2300 -2254 -2159 -2101 -2060 -2101 -2245 -2541 -2640 -2383 -2301 -2314 -2322 -2309 -2336 -2365 -2388 -2431 -2437 -2432 -2468 -2527 -2528 -2508 -2523 -2573 -2569
-2275 -2360 -2410 -2478 -2534 -2573 -2629 -2640 -2673 -2727 -2732 -2750 -2745 -2715 -2697 -2640 -2596 -2564 -2497 -2436 -2365 -2292 -2223 -2161 -2100 -2036 -1979 -1923 -1848 -1814 -1731 -1681 -1797 -1944 -2195 -2479 -2595 -2633 -2606 -2521 -2271 -2217 -2330 -2398 -2470 -2504 -2544 -2523 -2592 -2703 -2761 -2725 -2635 -2463 -2434 -2427 -2463 -2425 -2387 -2269 -2193 -2173 -2328 -2496 -2570 -2388 -2294 -2318 -2342 -2334 -2352 -2378 -2392 -2406 -2459 -2461 -2458 -2528 -2569 -2561 -2537 -2538 -2549
-2008 -2086 -2149 -2219 -2284 -2335 -2395 -2420 -2461 -2519 -2534 -2562 -2565 -2544 -2533 -2484 -2448 -2423 -2366 -2315 -2256 -2191 -2132 -2080 -2027 -1969 -1917 -1864 -1790 -1756 -1684 -1635 -1739 -1929 -2241 -2513 -2613 -2611 -2587 -2491 -2236 -2198 -2283 -2330 -2414 -2445 -2512 -2551 -2623 -2643 -2680 -2690 -2643 -2524 -2479 -2481 -2485 -2442 -2440 -2442 -2454 -2454 -2495 -2600 -2595 -2368 -2298 -2324 -2350 -2360 -2385 -2427 -2412 -2407 -2440 -2523 -2511 -2525 -2553 -2592 -2623 -2519 -2514
-1723 -1798 -1868 -1938 -2005 -2064 -2122 -2166 -2214 -2264 -2297 -2326 -2338 -2334 -2326 -2299 -2273 -2249 -2211 -2172 -2128 -2082 -2040 -2002 -1965 -1927 -1891 -1854 -1811 -1784 -1752 -1752 -1857 -2018 -2205 -2386 -2476 -2506 -2506 -2453 -2261 -2186 -2184 -2197 -2336 -2396 -2479 -2589 -2592 -2591 -2600 -2604 -2597 -2502 -2464 -2440 -2449 -2420 -2436 -2464 -2489 -2486 -2513 -2602 -2593 -2436 -2335 -2328 -2336 -2356 -2371 -2411 -2431 -2438 -2452 -2505 -2532 -2551 -2541 -2590 -2610 -2591 -2530
-1433 -1509 -1582 -1655 -1724 -1788 -1850 -1903 -1957 -2012 -2054 -2090 -2113 -2120 -2121 -2106 -2091 -2077 -2052 -2025 -1997 -1968 -1944 -1924 -1906 -1889 -1873 -1858 -1840 -1837 -1851 -1892 -1972 -2108 -2246 -2313 -2374 -2439 -2454 -2431 -2320 -2172 -2094 -2085 -2272 -2375 -2445 -2540 -2550 -2543 -2520 -2535 -2507 -2429 -2403 -2407 -2397 -2392 -2422 -2459 -2510 -2511 -2547 -2610 -2670 -2602 -2407 -2351 -2340 -2346 -2344 -2388 -2444 -2451 -2470 -2504 -2555 -2593 -2613 -2623 -2599 -2608 -2590
-1143 -1222 -1296 -1371 -1442 -1509 -1579 -1635 -1696 -1762 -1809 -1858 -1891 -1904 -1921 -1908 -1903 -1906 -1888 -1876 -1862 -1848 -1843 -1842 -1846 -1853 -1859 -1869 -1869 -1882 -1904 -1958 -2054 -2192 -2357 -2404 -2419 -2452 -2456 -2465 -2399 -2160 -1981 -2117 -2273 -2372 -2432 -2498 -2478 -2485 -2479 -2432 -2353 -2250 -2300 -2364 -2382 -2373 -2406 -2430 -2426 -2471 -2517 -2568 -2603 -2609 -2472 -2409 -2379 -2377 -2389 -2410 -2410 -2441 -2473 -2521 -2571 -2632 -2650 -2666 -2671 -2654 -2624
-860 -933 -1008 -1077 -1149 -1220 -1290 -1355 -1422 -1489 -1546 -1601 -1642 -1667 -1689 -1691 -1697 -1707 -1706 -1708 -1711 -1717 -1733 -1754 -1785 -1822 -1861 -1902 -1941 -1973 -1998 -2075 -2158 -2323 -2420 -2471 -2498 -2505 -2501 -2490 -2444 -2196 -1948 -1960 -2094 -2269 -2331 -2339 -2334 -2411 -2406 -2315 -2167 -2068 -2165 -2282 -2365 -2376 -2394 -2404 -2366 -2389 -2453 -2488 -2483 -2471 -2460 -2460 -2411 -2414 -2428 -2446 -2429 -2403 -2450 -2509 -2569 -2634 -2672 -2666 -2687 -2696 -2716
-601 -656 -734 -788 -859 -932 -1001 -1071 -1143 -1215 -1278 -1344 -1392 -1423 -1457 -1465 -1481 -1505 -1512 -1531 -1549 -1573 -1613 -1656 -1714 -1787 -1860 -1937 -2025 -2094 -2198 -2193 -2232 -2317 -2380 -2445 -2483 -2491 -2484 -2479 -2446 -2253 -1886 -1745 -1762 -1987 -2093 -2117 -2178 -2302 -2273 -2176 -1999 -1974 -2225 -2292 -2354 -2366 -2400 -2414 -2416 -2418 -2432 -2446 -2446 -2425 -2424 -2430 -2432 -2438 -2449 -2438 -2421 -2406 -2441 -2561 -2593 -2639 -2660 -2666 -2684 -2698 -2745
-402 -456 -513 -547 -595 -654 -711 -786 -858 -924 -994 -1061 -1117 -1160 -1197 -1222 -1246 -1273 -1296 -1326 -1362 -1408 -1467 -1538 -1625 -1728 -1837 -1949 -2063 -2145 -2260 -2315 -2307 -2305 -2303 -2422 -2413 -2398 -2385 -2385 -2411 -2233 -1887 -1717 -1716 -1754 -1810 -1894 -1954 -2047 -1980 -2016 -1957 -1992 -2232 -2273 -2298 -2311 -2345 -2362 -2394 -2392 -2392 -2409 -2414 -2360 -2331 -2338 -2301 -2385 -2438 -2422 -2385 -2351 -2335 -2640 -2660 -2633 -2599 -2590 -2620 -2632 -2683
-257 -292 -334 -326 -346 -393 -420 -512 -583 -633 -712 -782 -846 -897 -940 -975 -1006 -1037 -1069 -1109 -1160 -1226 -1307 -1403 -1517 -1653 -1799 -1945 -2106 -2185 -2317 -2440 -2465 -2507 -2425 -2456 -2501 -2484 -2414 -2357 -2350 -2220 -1886 -1743 -1704 -1727 -1759 -1829 -1855 -1840 -1826 -1900 -1957 -2027 -2212 -2217 -2199 -2190 -2209 -2220 -2271 -2298 -2246 -2258 -2304 -2296 -2298 -2297 -2254 -2297 -2394 -2413 -2384 -2383 -2386 -2592 -2684 -2607 -2491 -2529 -2575 -2574 -2596
-193 -258 -246 -209 -180 -196 -167 -285 -347 -354 -452 -508 -579 -642 -682 -732 -766 -788 -833 -878 -943 -1028 -1127 -1247 -1385 -1543 -1720 -1891 -2085 -2151 -2258 -2380 -2432 -2498 -2564 -2620 -2733 -2703 -2589 -2391 -2303 -2158 -1903 -1794 -1741 -1731 -1737 -1754 -1761 -1703 -1700 -1830 -1939 -1994 -2178 -2171 -2065 -1977 -1916 -2013 -2093 -2145 -2133 -2057 -2096 -2159 -2248 -2305 -2293 -2314 -2397 -2496 -2528 -2555 -2597 -2631 -2656 -2582 -2408 -2448 -2552 -2565 -2526
-139 -202 -185 -156 -132 -126 -118 -178 -219 -236 -292 -331 -379 -430 -461 -516 -549 -564 -610 -654 -725 -825 -934 -1075 -1228 -1395 -1579 -1758 -1929 -2029 -2116 -2235 -2360 -2387 -2466 -2654 -2787 -2837 -2718 -2470 -2347 -2184 -2005 -1913 -1870 -1840 -1845 -1841 -1800 -1658 -1629 -1849 -2058 -2162 -2164 -2055 -1907 -1790 -1737 -1821 -1922 -1967 -2001 -1970 -1928 -1965 -2083 -2261 -2320 -2342 -2395 -2530 -2644 -2691 -2697 -2725 -2737 -2710 -2620 -2583 -2611 -2646 -2634
-68 -110 -123 -113 -99 -89 -75 -115 -138 -137 -178 -188 -213 -260 -261 -336 -365 -350 -409 -436 -508 -626 -732 -896 -1060 -1229 -1427 -1614 -1792 -1903 -1999 -2086 -2230 -2352 -2384 -2525 -2690 -2856 -2797 -2576 -2404 -2276 -2129 -2028 -2029 -2059 -2040 -2046 -1916 -1689 -1718 -2063 -2151 -2181 -2119 -1924 -1705 -1640 -1638 -1703 -1740 -1791 -1792 -1755 -1816 -1911 -1942 -2117 -2250 -2379 -2393 -2404 -2585 -2726 -2770 -2738 -2691 -2676 -2705 -2621 -2673 -2733 -2785
-42 -67 -84 -88 -84 -79 -76 -93 -106 -113 -135 -150 -170 -195 -207 -244 -263 -267 -299 -329 -387 -480 -587 -736 -898 -1069 -1265 -1458 -1638 -1780 -1905 -2018 -2089 -2229 -2317 -2351 -2526 -2784 -2813 -2665 -2453 -2317 -2214 -2109 -2034 -1999 -1944 -1937 -1881 -1764 -1756 -1875 -1891 -2012 -1968 -1860 -1642 -1583 -1579 -1597 -1654 -1664 -1636 -1648 -1694 -1782 -1885 -1961 -2070 -2177 -2210 -2222 -2332 -2513 -2594 -2666 -2616 -2591 -2639 -2677 -2690 -2746 -2828
-22 -40 -61 -71 -73 -73 -74 -82 -88 -94 -112 -130 -149 -160 -166 -183 -192 -194 -210 -227 -265 -338 -427 -574 -730 -896 -1102 -1312 -1508 -1669 -1817 -1957 -2061 -2114 -2211 -2249 -2315 -2621 -2724 -2650 -2516 -2407 -2304 -2219 -2094 -1959 -1851 -1801 -1725 -1649 -1649 -1704 -1725 -1852 -1815 -1788 -1696 -1576 -1481 -1458 -1504 -1568 -1491 -1529 -1594 -1642 -1693 -1793 -1916 -2012 -2084 -2140 -2229 -2335 -2431 -2356 -2370 -2496 -2592 -2637 -2619 -2695 -2789
-6 -15 -48 -61 -65 -67 -69 -74 -74 -73 -93 -114 -137 -135 -127 -137 -136 -123 -135 -129 -140 -204 -251 -417 -566 -705 -940 -1177 -1399 -1566 -1721 -1853 -1936 -2026 -2108 -2202 -2298 -2438 -2508 -2550 -2492 -2389 -2252 -2173 -2064 -1955 -1848 -1750 -1647 -1577 -1582 -1631 -1680 -1779 -1710 -1628 -1586 -1487 -1346 -1343 -1370 -1432 -1452 -1486 -1519 -1575 -1570 -1609 -1749 -1900 -1986 -2062 -2057 -2058 -2164 -2104 -2163 -2305 -2396 -2494 -2577 -2664 -2728
-5 -2 -30 -52 -57 -60 -68 -69 -68 -70 -84 -104 -126 -116 -109 -109 -106 -101 -105 -108 -120 -151 -188 -323 -444 -551 -798 -1048 -1285 -1463 -1640 -1819 -1842 -1894 -1975 -2111 -2178 -2368 -2373 -2378 -2347 -2322 -2230 -2154 -2095 -1994 -1943 -1898 -1742 -1572 -1572 -1623 -1658 -1694 -1610 -1503 -1423 -1373 -1229 -1233 -1263 -1303 -1374 -1469 -1461 -1489 -1526 -1543 -1635 -1675 -1713 -1801 -1769 -1631 -1728 -1904 -2016 -2235 -2276 -2379 -2539 -2623 -2627
-19 -3 -20 -36 -40 -45 -50 -54 -56 -61 -68 -78 -87 -86 -83 -84 -84 -83 -83 -84 -93 -125 -176 -279 -386 -500 -697 -929 -1151 -1338 -1511 -1658 -1705 -1801 -1871 -1969 -2053 -2212 -2254 -2269 -2315 -2346 -2301 -2220 -2181 -2133 -2069 -2028 -1944 -1781 -1732 -1695 -1644 -1601 -1531 -1445 -1286 -1260 -1218 -1185 -1207 -1194 -1222 -1308 -1357 -1388 -1422 -1451 -1509 -1465 -1445 -1494 -1522 -1477 -1475 -1640 -1869 -2158 -2227 -2285 -2438 -2521 -2557
-49 -2 -16 -14 -20 -29 -33 -38 -42 -47 -48 -50 -52 -55 -53 -60 -64 -65 -61 -57 -56 -93 -147 -246 -341 -431 -596 -823 -1037 -1216 -1388 -1554 -1604 -1696 -1823 -1936 -2028 -2101 -2184 -2212 -2237 -2228 -2225 -2179 -2163 -2108 -2104 -2040 -1987 -1888 -1842 -1757 -1651 -1571 -1491 -1404 -1237 -1175 -1121 -1149 -1186 -1147 -1159 -1205 -1170 -1292 -1299 -1309 -1322 -1277 -1218 -1266 -1328 -1373 -1405 -1535 -1662 -1980 -2161 -2249 -2304 -2413 -2483
-137 -81 -58 -36 -23 -24 -23 -25 -27 -26 -26 -26 -28 -31 -33 -42 -48 -44 -41 -42 -31 -64 -135 -233 -329 -427 -565 -745 -924 -1088 -1239 -1371 -1455 -1556 -1679 -1765 -1932 -1966 -2046 -2050 -2061 -2080 -2087 -2105 -2074 -2005 -2029 -2009 -1986 -1915 -1870 -1818 -1703 -1579 -1483 -1405 -1216 -1109 -1101 -1142 -1151 -1106 -1123 -1178 -1181 -1180 -1174 -1150 -1193 -1143 -1117 -1122 -1127 -1216 -1278 -1431 -1502 -1626 -1883 -2163 -2247 -2329 -2379
-240 -157 -113 -68 -42 -32 -17 -22 -19 -5 -8 -5 -7 -12 -10 -30 -42 -22 -12 -2 -2 -20 -116 -231 -327 -411 -524 -676 -824 -971 -1101 -1210 -1304 -1423 -1521 -1643 -1730 -1775 -1832 -1861 -1886 -1955 -1961 -2021 -1924 -1903 -1946 -1950 -1941 -1904 -1826 -1787 -1701 -1604 -1526 -1401 -1182 -1050 -1030 -1094 -1070 -1054 -1040 -1031 -1166 -1161 -1108 -1077 -1040 -1025 -1019 -976 -940 -955 -1021 -1134 -1361 -1459 -1512 -1787 -2026 -2271 -2316
-360 -233 -189 -111 -73 -59 -16 -41 -32 -2 -4 -2 -2 -7 -2 -30 -61 -9 -5 -2 -2 -26 -120 -260 -351 -395 -478 -624 -740 -877 -984 -1069 -1167 -1251 -1377 -1520 -1528 -1561 -1667 -1777 -1822 -1897 -1892 -1909 -1847 -1837 -1876 -1880 -1849 -1826 -1778 -1758 -1661 -1561 -1480 -1384 -1096 -1020 -1040 -1065 -1055 -1015 -964 -904 -1093 -1126 -1059 -1012 -943 -892 -895 -772 -707 -667 -728 -841 -1050 -1273 -1350 -1497 -1763 -2048 -2252
-539 -434 -356 -266 -195 -162 -93 -126 -110 -43 -64 -39 -41 -63 -16 -61 -97 -59 -86 -33 -2 -143 -232 -375 -452 -470 -538 -645 -720 -828 -901 -939 -1007 -1033 -1123 -1242 -1287 -1396 -1546 -1663 -1769 -1833 -1790 -1765 -1782 -1780 -1811 -1800 -1775 -1722 -1669 -1653 -1589 -1448 -1382 -1315 -1031 -1012 -1068 -1056 -1023 -975 -959 -951 -1061 -1069 -1001 -940 -888 -823 -850 -731 -519 -468 -498 -668 -852 -997 -1150 -1344 -1534 -1754 -1961
-731 -641 -560 -481 -415 -366 -318 -309 -286 -246 -238 -219 -213 -214 -183 -175 -252 -283 -327 -343 -367 -451 -528 -600 -647 -673 -699 -744 -784 -839 -873 -890 -932 -946 -1005 -1060 -1132 -1306 -1454 -1577 -1699 -1730 -1716 -1705 -1736 -1734 -1753 -1729 -1683 -1627 -1556 -1518 -1453 -1369 -1266 -1204 -1079 -1057 -1090 -1057 -978 -945 -973 -993 -1014 -1003 -964 -912 -854 -809 -773 -700 -520 -410 -473 -621 -742 -822 -959 -1219 -1463 -1596 -1754
-921 -844 -769 -701 -641 -590 -547 -521 -494 -461 -448 -427 -417 -423 -411 -442 -503 -550 -621 -687 -755 -790 -849 -856 -870 -891 -866 -864 -862 -881 -880 -862 -920 -945 -964 -1029 -1108 -1292 -1424 -1512 -1635 -1658 -1636 -1629 -1684 -1704 -1701 -1606 -1549 -1509 -1451 -1402 -1320 -1236 -1179 -1131 -1088 -1074 -1091 -1040 -949 -955 -966 -964 -956 -924 -919 -881 -798 -799 -748 -708 -546 -413 -406 -519 -614 -677 -770 -1079 -1338 -1437 -1545
-1100 -1033 -968 -910 -857 -811 -772 -741 -715 -692 -679 -669 -667 -678 -693 -731 -791 -857 -928 -996 -1046 -1069 -1091 -1082 -1068 -1047 -1018 -993 -971 -957 -937 -928 -958 -1004 -1034 -1130 -1267 -1369 -1431 -1492 -1547 -1594 -1586 -1586 -1608 -1634 -1616 -1526 -1467 -1436 -1391 -1300 -1228 -1137 -1126 -1135 -1129 -1074 -1054 -995 -933 -907 -890 -871 -846 -764 -786 -824 -771 -779 -758 -720 -598 -389 -397 -470 -573 -618 -692 -862 -1163 -1418 -1517
-1272 -1216 -1161 -1112 -1066 -1025 -990 -959 -935 -920 -910 -909 -917 -936 -968 -1010 -1078 -1163 -1235 -1305 -1333 -1332 -1334 -1301 -1258 -1194 -1155 -1117 -1080 -1051 -1013 -1012 -1064 -1157 -1237 -1353 -1416 -1450 -1467 -1501 -1525 -1550 -1538 -1514 -1581 -1596 -1516 -1439 -1418 -1368 -1289 -1209 -1150 -1105 -1125 -1143 -1143 -1094 -1040 -953 -855 -807 -715 -745 -683 -586 -613 -677 -728 -737 -739 -713 -669 -390 -375 -401 -462 -550 -661 -669 -911 -1299 -1477
-1433 -1393 -1343 -1305 -1266 -1228 -1202 -1167 -1146 -1140 -1132 -1138 -1152 -1177 -1225 -1263 -1339 -1455 -1520 -1603 -1598 -1559 -1567 -1500 -1433 -1307 -1247 -1204 -1177 -1170 -1170 -1163 -1212 -1263 -1355 -1412 -1452 -1466 -1482 -1495 -1503 -1515 -1522 -1526 -1537 -1506 -1448 -1376 -1347 -1315 -1217 -1185 -1163 -1141 -1148 -1162 -1137 -1056 -1015 -942 -778 -702 -640 -620 -565 -487 -449 -533 -658 -702 -645 -607 -600 -404 -281 -308 -391 -478 -615 -566 -706 -1076 -1409
-1575 -1546 -1504 -1477 -1445 -1410 -1391 -1355 -1337 -1339 -1330 -1342 -1358 -1380 -1431 -1459 -1531 -1647 -1697 -1712 -1644 -1630 -1636 -1587 -1466 -1393 -1355 -1326 -1310 -1300 -1317 -1310 -1313 -1332 -1378 -1419 -1446 -1449 -1462 -1464 -1492 -1528 -1514 -1487 -1469 -1450 -1385 -1344 -1358 -1323 -1241 -1216 -1204 -1182 -1130 -1127 -1070 -969 -914 -849 -786 -639 -552 -467 -455 -409 -326 -411 -532 -611 -591 -551 -541 -391 -258 -272 -367 -459 -555 -499 -648 -881 -1227
-1690 -1664 -1635 -1612 -1586 -1559 -1538 -1512 -1497 -1494 -1490 -1497 -1509 -1526 -1558 -1588 -1641 -1713 -1746 -1731 -1707 -1680 -1676 -1624 -1547 -1479 -1457 -1433 -1415 -1391 -1393 -1358 -1346 -1379 -1404 -1418 -1417 -1407 -1431 -1489 -1510 -1492 -1449 -1411 -1387 -1364 -1366 -1343 -1328 -1326 -1289 -1217 -1149 -1120 -1055 -1020 -983 -947 -832 -740 -671 -599 -508 -429 -390 -351 -317 -360 -430 -482 -487 -470 -448 -376 -317 -333 -405 -489 -539 -541 -638 -653 -1041
-1792 -1775 -1754 -1739 -1720 -1696 -1678 -1653 -1639 -1638 -1633 -1637 -1642 -1648 -1666 -1682 -1715 -1764 -1759 -1755 -1752 -1739 -1717 -1663 -1598 -1541 -1534 -1524 -1496 -1453 -1441 -1414 -1381 -1393 -1408 -1385 -1424 -1449 -1472 -1470 -1459 -1455 -1417 -1366 -1366 -1358 -1341 -1339 -1322 -1341 -1293 -1159 -1025 -972 -950 -897 -925 -936 -869 -717 -615 -538 -455 -382 -332 -297 -278 -303 -344 -378 -391 -389 -379 -355 -342 -373 -438 -515 -570 -604 -664 -587 -784
-1881 -1879 -1861 -1857 -1844 -1820 -1811 -1776 -1762 -1771 -1756 -1761 -1760 -1749 -1761 -1748 -1757 -1779 -1769 -1765 -1770 -1758 -1749 -1714 -1696 -1697 -1639 -1595 -1533 -1492 -1463 -1428 -1390 -1394 -1422 -1442 -1451 -1452 -1451 -1421 -1400 -1392 -1378 -1364 -1363 -1358 -1350 -1355 -1331 -1305 -1169 -1007 -869 -814 -776 -787 -791 -770 -726 -620 -534 -470 -390 -320 -266 -235 -213 -236 -266 -291 -309 -316 -323 -326 -335 -385 -457 -545 -610 -688 -733 -607 -493
-1945 -1946 -1936 -1933 -1922 -1903 -1891 -1861 -1847 -1848 -1834 -1830 -1821 -1805 -1798 -1779 -1771 -1775 -1780 -1775 -1770 -1766 -1767 -1764 -1759 -1727 -1669 -1630 -1565 -1502 -1447 -1451 -1510 -1500 -1465 -1429 -1415 -1424 -1419 -1352 -1371 -1383 -1381 -1380 -1375 -1378 -1352 -1317 -1227 -1153 -1079 -923 -716 -657 -581 -555 -557 -558 -532 -479 -422 -367 -309 -253 -207 -177 -159 -173 -197 -220 -243 -259 -277 -298 -326 -380 -451 -530 -604 -679 -708 -575 -393
